carrier,num_delays,num_flights,delays_permille
EV,444726,1629405,272
AS,346634,1392536,248
B6,187206,764442,244
FL,286146,1203754,237
YV,186373,793371,234
WN,2098688,8984808,233
XE,219748,965045,227
MQ,854171,3847793,221
UA,1077026,4995471,215
F9,67262,314917,213
DH,147041,693047,212
OH,293431,1426440,205
HP,245293,1208561,202
AA,1248336,6176437,202
US,893274,4541693,196
TW,94808,511852,185
OO,531696,2960629,179
DL,1027871,5799969,177
CO,505275,2858249,176
9E,79615,455006,174
NW,713091,4205811,169
RU,216279,1314294,164
TZ,32998,208420,158
AQ,17239,154381,111
HA,13919,256934,54
