carrier,num_delays,num_flights,delay_percentage
EV,444726,1629405,27
B6,187206,764442,24
AS,346634,1392536,24
YV,186373,793371,23
WN,2098688,8984808,23
FL,286146,1203754,23
XE,219748,965045,22
MQ,854171,3847793,22
DH,147041,693047,21
UA,1077026,4995471,21
F9,67262,314917,21
HP,245293,1208561,20
AA,1248336,6176437,20
OH,293431,1426440,20
US,893274,4541693,19
TW,94808,511852,18
9E,79615,455006,17
CO,505275,2858249,17
OO,531696,2960629,17
DL,1027871,5799969,17
NW,713091,4205811,16
RU,216279,1314294,16
TZ,32998,208420,15
AQ,17239,154381,11
HA,13919,256934,5
